14	7	9	4	2	0.14	1.00	2.14			8		3	4	5			4
9	6	6	2	0	0.22	0.00	2.67			4		6	0	6			2
13	4	7	4	3	0.15	0.00	1.67			24		6	0	7			5
27	15	19	5	4	0.04	0.00	2.50			72		17	0	19.5			6.5
36	21	21	6	5	0.06	1.00	2.00			90		24	4	25			9
20	5	14	3	3	0.35	0.86	2.44			213		14	10	15			2
33	15	24	3	0	0.52	0.00	3.56			131072		24	0	27			5
22	3	15	6	5	0.23	1.00	2.17			8480		7	4	10.5			10.5
20	0	12	6	6	0.20	0.00	1.79			2496		9	0	11			8
15	8	9	5	1	0.27	1.50	2.14			12		9	5	12			2
44	3	33	4	2	0.64	0.00	3.46			13441204224	8	0	18			16
14	4	7	6	3	0.21	1.00	1.60			21		5	2	8			5
14	4	9	4	3	0.07	0.00	2.00			56		5	0	7.5			5.5
22	2	15	5	5	0.23	1.67	2.17			966		11	6	12.5			8.5
13	1	9	4	2	0.46	1.00	2.33			102		6	2	7.66666666666667	2.67
27	7	17	6	7	0.07	0.00	1.94			1512		12	0	14.5			11.5
9	2	5	4	1	0.44	1.00	1.80			13		1	4	4			4
47	14	37	7	5	0.21	0.60	3.40			13020		11	6	16			17
17	3	10	5	6	0.06	1.00	1.69			54		7	4	9			7
16	7	11	4	3	0.06	0.00	2.25			56		7	0	8.5			6.5
29	5	19	5	5	0.34	0.60	2.20			60840		15	5	17			11
16	4	10	5	4	0.19	0.80	1.90			28		6	6	9			6
12	2	8	5	3	0.17	0.00	2.00			48		3	0	6			5
43	15	27	7	7	0.09	0.67	2.13			104256		28	6	35			7
19	3	11	5	6	0.11	0.71	1.71			66		10	8	12.5			5.5
33	4	22	7	8	0.30	1.00	2.11			1511424		13	4	16.5			15.5
10	3	7	3	2	0.10	0.00	2.20			28		3	0	5.5			3.5
41	6	27	4	3	0.61	1.00	2.53			19913472	27	12	31.5			8.5
14	4	9	4	3	0.07	0.00	2.00			56		8	0	11			6
18	4	13	3	3	0.22	0.00	2.50			1792		8	0	11			6
15	6	8	4	3	0.20	0.00	1.53846153846154	20		12	0	9.5			4.5
12	1	7	3	4	0.25	0.00	1.24			20.00		9.00	0.00	9.00			8.50
9	3	5	3	3	0.00	0.00	1.40			3.00		3.00	0.00	6.00			5.00
25	10	15	5	5	0.28	0.00	1.38888888888889	315		27	0	18.5			12.5
18	12	9	5	5	0.00	0.00	1.36			1.00		15.00	0.00	17.00			8.00
12	7	8	3	2	0.08	0.00	1.41			6.00		8.00	0.00	12.00			7.50
10	7	5	4	2	0.00	0.00	1.40			1.00		7.00	0.00	9.00			3.00
